maxplayer:
000000000000
000000000000
000000000000
000000000000
000000000000
000001000000
000000000000
000000000000
000000000000
000000000000
000000000000
000000000000
minplayer:
000000000000
000000000000
000000000000
000000000000
000000000000
000000000000
000000000000
000000000000
000000000000
000000000000
000000000000
000000000000
maxplayer:
000000000000
000000000000
000000000000
000000000000
000000000000
000001000000
000000000000
000000000000
000000000000
000000000000
000000000000
000000000000
minplayer:
000000000000
000000000000
000000000000
000000000000
000000000000
000010000000
000000000000
000000000000
000000000000
000000000000
000000000000
000000000000
maxplayer:
000000000000
000000000000
000000000000
000000000000
000000100000
000001000000
000000000000
000000000000
000000000000
000000000000
000000000000
000000000000
minplayer:
000000000000
000000000000
000000000000
000000000000
000000000000
000010000000
000000000000
000000000000
000000000000
000000000000
000000000000
000000000000
maxplayer:
000000000000
000000000000
000000000000
000000000000
000000100000
000001000000
000000000000
000000000000
000000000000
000000000000
000000000000
000000000000
minplayer:
000000000000
000000000000
000000000000
000000000000
000000000000
000010000000
000010000000
000000000000
000000000000
000000000000
000000000000
000000000000
maxplayer:
000000000000
000000000000
000000000000
000000100000
000000100000
000001000000
000000000000
000000000000
000000000000
000000000000
000000000000
000000000000
minplayer:
000000000000
000000000000
000000000000
000000000000
000000000000
000010000000
000010000000
000000000000
000000000000
000000000000
000000000000
000000000000
maxplayer:
000000000000
000000000000
000000000000
000000100000
000000100000
000001000000
000000000000
000000000000
000000000000
000000000000
000000000000
000000000000
minplayer:
000000000000
000000000000
000000000000
000000000000
000010000000
000010000000
000010000000
000000000000
000000000000
000000000000
000000000000
000000000000
maxplayer:
000000000000
000000000000
000000000000
000010100000
000000100000
000001000000
000000000000
000000000000
000000000000
000000000000
000000000000
000000000000
minplayer:
000000000000
000000000000
000000000000
000000000000
000010000000
000010000000
000010000000
000000000000
000000000000
000000000000
000000000000
000000000000
maxplayer:
000000000000
000000000000
000000000000
000010100000
000000100000
000001000000
000000000000
000000000000
000000000000
000000000000
000000000000
000000000000
minplayer:
000000000000
000000000000
000000000000
000000000000
000010000000
000010000000
000010000000
000010000000
000000000000
000000000000
000000000000
000000000000